-1.999499 1.825434
-1.922678 1.923496
-1.765996 1.791949
-1.859883 1.958385
-1.670864 1.898642
-1.930357 1.943577
-1.715799 1.805414
-1.878402 1.605994
-1.963439 1.745781
-1.941075 1.666359
-1.604590 1.778277
-1.952367 1.601868
-1.996435 1.751152
-1.787335 1.828474
-1.759294 1.842866
-1.933506 1.865218
-1.819684 1.740849
-1.977184 1.843074
-1.686673 1.921043
-1.792047 1.720780
-1.649611 1.890670
-1.617640 1.970287
-1.784259 1.656935
-1.815168 1.694131
-1.655104 1.683840
-1.688137 1.937461
-1.601282 1.999878
-1.755400 1.756975
-1.893515 1.718912
-1.663942 1.609497
-1.849654 1.637049
-1.729118 1.622486
-1.996484 1.967516
-1.889645 1.709159
-1.764837 1.876473
-1.664956 1.890597
-1.806024 1.682144
-1.702506 1.787384
-1.816816 1.979662
-1.702225 1.643312
-1.760381 1.754094
-1.705997 1.843587
-1.771038 1.744536
-1.939378 1.690042
-1.829939 1.921152
-1.793158 1.995996
-1.699380 1.738224
-1.932408 1.862923
-1.803241 1.625416
-1.720096 1.801923
-1.941002 1.979833
-1.943370 1.962047
-1.722843 1.721220
-1.829377 1.628150
-1.613355 1.873275
-1.938707 1.950902
-1.671328 1.832820
-1.923460 1.671157
-1.673122 1.790106
-1.937779 1.801569
-1.707193 1.762236
-1.888168 1.827497
-1.727103 1.902341
-1.711234 1.790118
-1.950792 1.747124
-1.666128 1.614039
-1.793194 1.865194
-1.829511 1.641871
-1.620264 1.968554
-1.780181 1.738395
-1.811310 1.749992
-1.661208 1.726749
-1.817560 1.708756
-1.606812 1.719120
-1.704324 1.826911
-1.921604 1.904526
-1.664223 1.759062
-1.799640 1.956066
-1.989013 1.997851
-1.770965 1.620203
-1.787469 1.677627
-1.662783 1.850703
-1.736955 1.679141
-1.663137 1.649330
-1.956029 1.897250
-1.874374 1.976428
-1.885568 1.734526
-1.943895 1.893234
-1.666152 1.883200
-1.759905 1.898886
-1.898910 1.657790
-1.999353 1.624403
-1.677505 1.941050
-1.915769 1.646242
-1.778716 1.605701
-1.954491 1.781805
-1.699112 1.874459
-1.782623 1.629554
-1.825312 1.680776
-1.721512 1.716141
-1.025324 1.692972
-0.968853 1.813031
-0.948527 1.664077
-0.998346 1.985217
-0.921696 1.969921
-1.124021 1.734379
-1.128660 1.998071
-1.017023 1.999207
-1.160997 1.850069
-1.162243 1.775091
-0.827393 1.619373
-0.842152 1.716007
-1.109079 1.907627
-1.035713 1.680789
-0.948772 1.841658
-1.019355 1.786541
-0.960869 1.853890
-0.858083 1.931516
-0.950090 1.888363
-0.973699 1.750053
-1.126292 1.895163
-0.977947 1.962035
-1.102853 1.675576
-0.958110 1.879403
-0.966155 1.740519
-1.002216 1.632154
-0.903702 1.844819
-0.951848 1.876449
-0.878188 1.659645
-0.969585 1.947093
-0.835377 1.845882
-0.908927 1.617286
-0.932890 1.990613
-1.073995 1.827680
-1.077670 1.669570
-1.156578 1.947618
-0.859511 1.897726
-1.138047 1.730766
-1.168261 1.630641
-0.943608 1.928001
-0.981964 1.779302
-1.036409 1.719498
-1.013776 1.800482
-1.138939 1.729215
-0.904801 1.725553
-0.869326 1.983630
-0.850661 1.890011
-1.079977 1.977599
-1.149107 1.626295
-0.886013 1.809833
-0.956145 1.982446
-1.171093 1.950255
-0.938456 1.728849
-1.158080 1.802020
-1.109165 1.716117
-0.832008 1.820466
-0.934880 1.645814
-1.002985 1.751653
-1.001276 1.917344
-0.996295 1.752947
-0.924735 1.812860
-0.957488 1.758074
-1.197644 1.883151
-1.159752 1.849226
-0.854701 1.796600
-0.901065 1.798761
-1.047957 1.914145
-0.978875 1.742839
-0.817713 1.852339
-1.129368 1.749699
-1.147349 1.897311
-0.819312 1.844795
-1.188867 1.731938
-1.177636 1.855684
-1.147349 1.938829
-0.854274 1.838752
-0.911344 1.941588
-1.194128 1.650587
-0.916837 1.846858
-1.112973 1.626380
-1.132432 1.849641
-1.063607 1.727763
-1.052974 1.864400
-0.879043 1.922752
-0.989386 1.844441
-0.880728 1.960240
-1.142076 1.852071
-1.039033 1.701480
-1.145384 1.942076
-1.173534 1.771123
-0.970660 1.720914
-0.980779 1.690225
-1.075460 1.644252
-0.876785 1.653883
-1.086300 1.915244
-0.841908 1.915854
-0.902481 1.846089
-1.055550 1.942662
-1.108603 1.945433
-1.108225 1.699820
-0.183038 1.993933
-0.378478 1.632569
-0.190130 1.770721
-0.362133 1.703519
-0.043385 1.693106
-0.341380 1.650038
-0.027345 1.632044
-0.381164 1.623487
-0.265438 1.965880
-0.240559 1.773113
-0.021534 1.934874
-0.186309 1.936839
-0.122587 1.759075
-0.296335 1.601733
-0.189764 1.981921
-0.240522 1.696438
-0.165777 1.702054
-0.126395 1.978112
-0.225800 1.956090
-0.397131 1.976391
-0.159380 1.914463
-0.169329 1.656972
-0.311069 1.753203
-0.398291 1.767168
-0.367101 1.863973
-0.057961 1.625941
-0.075576 1.864827
-0.123405 1.921079
-0.187945 1.874252
-0.342894 1.875802
-0.108841 1.911093
-0.387573 1.947472
-0.142192 1.882626
-0.365819 1.820795
-0.020838 1.623511
-0.290011 1.658071
-0.007288 1.847993
-0.283102 1.968993
-0.252986 1.877816
-0.312546 1.662368
-0.303781 1.808576
-0.039088 1.642567
-0.038942 1.776690
-0.367956 1.912839
-0.331285 1.989758
-0.089651 1.948155
-0.315744 1.782647
-0.398498 1.900253
-0.354381 1.761882
-0.275546 1.997046
-0.384570 1.700833
-0.324290 1.699075
-0.338597 1.848128
-0.045851 1.975634
-0.321738 1.911863
-0.141777 1.862703
-0.036341 1.782183
-0.031483 1.865670
-0.339695 1.854537
-0.172185 1.768816
-0.022791 1.816230
-0.168572 1.814582
-0.297885 1.758782
-0.259896 1.614649
-0.081899 1.678603
-0.371886 1.755766
-0.163701 1.628370
-0.320933 1.662355
-0.142265 1.781732
-0.158281 1.878939
-0.223481 1.873788
-0.241389 1.934288
-0.163115 1.679836
-0.020215 1.950401
-0.243318 1.994983
-0.325877 1.958287
-0.170220 1.776824
-0.149065 1.883407
-0.380151 1.714225
-0.295920 1.763054
-0.041871 1.884078
-0.108621 1.958422
-0.242573 1.758965
-0.038453 1.723441
-0.244758 1.828230
-0.258577 1.893478
-0.101859 1.894552
-0.104227 1.655727
-0.319932 1.709037
-0.127824 1.964452
-0.252864 1.807062
-0.356249 1.962975
-0.318772 1.807184
-0.138066 1.775408
-0.124943 1.636171
-0.368175 1.630311
-0.388879 1.742033
-0.277108 1.878915
-0.342930 1.757939
-0.372863 1.870296
-1.510025 0.879482
-1.522391 1.046284
-1.538041 1.017597
-1.760680 1.018146
-1.780151 1.189831
-1.614386 1.187988
-1.508853 1.012384
-1.528031 1.077120
-1.651155 0.955449
-1.780016 1.123911
-1.732176 0.824329
-1.675777 1.113791
-1.715012 0.928764
-1.606134 0.803662
-1.624055 1.003143
-1.557622 1.103415
-1.639570 0.939921
-1.462941 1.176928
-1.550676 1.198914
-1.778613 1.025141
-1.454579 0.954704
-1.677438 0.913688
-1.789319 1.045027
-1.643525 0.807447
-1.787585 0.982281
-1.456825 1.174706
-1.639241 1.090915
-1.555364 1.123350
-1.449831 1.033039
-1.561992 0.831605
-1.482730 0.984881
-1.563750 1.035774
-1.572320 1.126426
-1.530900 0.937431
-1.795911 0.906925
-1.663375 0.892837
-1.491592 0.948698
-1.452052 0.846742
-1.509769 1.051570
-1.442421 0.873208
-1.585772 1.160802
-1.487967 1.186084
-1.721055 1.160619
-1.481033 1.181359
-1.460475 1.156139
-1.548515 0.874184
-1.553227 0.905997
-1.699741 1.092880
-1.484756 0.868374
-1.514444 0.992376
-1.767406 1.122617
-1.457863 0.849855
-1.677010 1.029328
-1.610810 1.104819
-1.723252 1.091110
-1.401990 0.806140
-1.540947 1.076656
-1.730345 0.828846
-1.690011 1.070650
-1.464431 1.022663
-1.651509 1.111802
-1.706992 1.055293
-1.707334 0.881838
-1.411585 0.912699
-1.790844 1.107688
-1.739268 0.818787
-1.796301 0.939433
-1.542448 0.937297
-1.634175 0.966607
-1.763732 1.018073
-1.520292 0.935197
-1.536991 1.150499
-1.585809 1.028010
-1.778405 0.986309
-1.696005 0.970721
-1.454665 0.994635
-1.765026 1.026325
-1.516239 1.111386
-1.454311 1.140220
-1.682797 1.145750
-1.542033 1.098740
-1.468545 1.106247
-1.451234 1.163329
-1.434986 1.008783
-1.623933 0.843056
-1.658394 1.129221
-1.628913 0.867934
-1.799658 1.062984
-1.490579 0.825489
-1.764074 0.954265
-1.526444 1.123045
-1.738365 0.857143
-1.780615 0.938456
-1.792578 1.191369
-1.540947 0.821461
-1.434339 1.054988
-1.627314 0.808423
-1.702963 0.956780
-1.538395 1.112754
-1.790869 1.130418
-0.544627 1.053706
-0.379839 1.193396
-0.414631 0.885916
-0.479720 1.112864
-0.462984 0.992242
-0.356792 0.841005
-0.206226 1.102329
-0.539647 0.982562
-0.315348 1.199499
-0.289798 1.056661
-0.351518 1.178442
-0.324735 0.915922
-0.373138 0.916153
-0.380706 1.084945
-0.501425 1.018671
-0.402948 1.180822
-0.332072 1.106064
-0.350652 0.978301
-0.280496 1.098215
-0.204431 0.881851
-0.348210 1.163927
-0.363482 1.167357
-0.397784 0.995758
-0.420112 1.155736
-0.223841 0.873171
-0.499216 0.881204
-0.307804 1.176452
-0.349968 0.816541
-0.343461 0.813807
-0.377459 1.017792
-0.421467 0.824549
-0.201587 0.851100
-0.359636 0.820142
-0.530882 1.064095
-0.467025 0.926383
-0.338566 0.964214
-0.428999 0.888650
-0.328593 0.866579
-0.400983 1.003058
-0.278909 0.974029
-0.598193 0.935795
-0.449641 0.851430
-0.269069 1.093319
-0.243544 1.057332
-0.339763 1.005792
-0.306412 1.094870
-0.217164 0.986334
-0.454695 0.844874
-0.238136 1.128489
-0.418085 0.843471
-0.252223 1.104550
-0.584350 0.966668
-0.225550 0.827100
-0.534056 0.884512
-0.553233 1.036445
-0.552660 1.047310
-0.367962 1.076119
-0.307376 1.166259
-0.332109 0.919401
-0.276455 0.951274
-0.201001 1.109006
-0.518235 0.868227
-0.444697 0.872488
-0.367608 0.878249
-0.215943 0.876101
-0.447310 0.921598
-0.551671 0.879263
-0.581506 1.108469
-0.295584 1.152416
-0.599292 0.979449
-0.429450 1.120615
-0.415461 0.997943
-0.300247 0.895401
-0.376238 0.837098
-0.231190 1.157530
-0.257192 0.823853
-0.403644 1.052815
-0.301114 1.102426
-0.497702 1.163964
-0.283206 0.879849
-0.378863 0.820496
-0.391131 1.116147
-0.318339 0.809619
-0.307303 1.021345
-0.234315 1.150218
-0.281228 0.922172
-0.442024 0.992755
-0.578967 1.060787
-0.599658 1.107431
-0.297525 0.887893
-0.538096 0.823011
-0.331755 0.813074
-0.461653 1.079147
-0.280740 0.974505
-0.207312 1.054219
-0.481881 0.990790
-0.250258 0.831715
-0.559606 0.857289
-0.542796 1.167199
-0.476510 0.949528
-1.674465 0.018653
-1.674319 0.095999
-1.640846 0.102603
-1.892257 0.083206
-1.908249 0.338462
-1.650063 0.355077
-1.662087 0.243709
-1.983642 0.069411
-1.926499 0.142363
-1.820295 0.074026
-1.642213 0.249214
-1.781463 0.364672
-1.790960 0.292257
-1.600269 0.387732
-1.653029 0.336082
-1.941331 0.149760
-1.886251 0.068386
-1.610498 0.296725
-1.713358 0.012354
-1.741984 0.325083
-1.705631 0.327268
-1.950145 0.287558
-1.849971 0.259932
-1.633827 0.355870
-1.987133 0.309397
-1.820454 0.003027
-1.908554 0.167388
-1.937364 0.367614
-1.799322 0.097147
-1.698209 0.362609
-1.914609 0.012842
-1.691531 0.091299
-1.777361 0.322556
-1.659194 0.132646
-1.784429 0.396716
-1.652260 0.258748
-1.908908 0.325120
-1.851582 0.146757
-1.986010 0.224519
-1.840852 0.047914
-1.870028 0.359606
-1.919407 0.376073
-1.949974 0.339732
-1.642421 0.178228
-1.911155 0.253902
-1.775970 0.249617
-1.830537 0.006592
-1.654347 0.055849
-1.893039 0.116788
-1.727335 0.224580
-1.616468 0.242891
-1.684707 0.169085
-1.672646 0.295785
-1.945689 0.206610
-1.991968 0.002795
-1.700674 0.133549
-1.639149 0.184906
-1.692837 0.020203
-1.747612 0.009668
-1.727030 0.387634
-1.799823 0.282553
-1.893625 0.328941
-1.741350 0.238887
-1.894552 0.337693
-1.815973 0.299265
-1.859359 0.005799
-1.809381 0.250594
-1.838447 0.153447
-1.988952 0.115531
-1.761260 0.353551
-1.827131 0.372619
-1.846809 0.213251
-1.995972 0.389697
-1.653920 0.174969
-1.720145 0.133183
-1.759062 0.199420
-1.776153 0.015601
-1.848714 0.093216
-1.625062 0.343809
-1.614356 0.243525
-1.766411 0.030580
-1.837190 0.122123
-1.800568 0.032020
-1.650087 0.121708
-1.687393 0.373156
-1.764629 0.086489
-1.888278 0.224287
-1.650233 0.100027
-1.879440 0.290854
-1.653359 0.092434
-1.923716 0.178716
-1.643861 0.229731
-1.988488 0.398096
-1.976305 0.247676
-1.897226 0.067934
-1.953551 0.092593
-1.802045 0.383923
-1.980285 0.031849
-1.864937 0.111893
-1.793780 0.196222
-1.035090 0.369884
-0.959575 0.116861
-1.009699 0.160662
-0.819471 0.219343
-0.866030 0.317771
-0.879336 0.237141
-0.851967 0.127226
-0.824329 0.107169
-0.822669 0.287509
-1.148949 0.309958
-1.010846 0.070363
-1.189331 0.016651
-1.018085 0.344920
-1.145555 0.005786
-1.114890 0.327415
-0.881118 0.311863
-0.936601 0.119498
-0.887429 0.368603
-0.863149 0.097049
-1.000494 0.009204
-1.169713 0.012354
-1.057515 0.286129
-1.036079 0.072170
-1.080831 0.072842
-0.902042 0.053896
-1.176708 0.210248
-1.056453 0.322691
-1.136473 0.359948
-1.147276 0.011695
-1.127427 0.327232
-1.100314 0.228278
-1.061238 0.215973
-0.934037 0.348302
-0.826991 0.378112
-1.157921 0.061293
-0.976812 0.320103
-0.841945 0.029005
-0.851076 0.328965
-1.044685 0.219514
-0.931217 0.180377
-1.087448 0.379785
-0.807141 0.291220
-0.962078 0.108951
-1.147215 0.079177
-0.959795 0.194940
-1.057869 0.091971
-1.008625 0.276717
-0.820740 0.268453
-0.806970 0.095010
-0.994574 0.094327
-0.840785 0.193744
-1.069417 0.214997
-0.971685 0.134611
-1.060738 0.067690
-1.083932 0.087710
-0.830873 0.295871
-0.877200 0.260176
-0.925321 0.108036
-0.893252 0.025770
-0.911295 0.343626
-1.063375 0.017750
-1.006281 0.008313
-0.864724 0.247407
-0.983770 0.241621
-0.972527 0.310947
-0.943986 0.278695
-0.896023 0.347203
-1.136802 0.169402
-0.885415 0.008570
-1.024653 0.016858
-0.997479 0.107706
-1.172692 0.097940
-0.807178 0.202582
-0.953789 0.028407
-1.052998 0.382214
-0.855971 0.134989
-1.103244 0.115812
-1.179614 0.397082
-1.131016 0.027564
-1.111948 0.120365
-0.885257 0.259847
-1.166527 0.105106
-1.145408 0.087014
-0.974969 0.071303
-0.947087 0.042763
-1.018513 0.303537
-1.066475 0.022962
-1.086996 0.277718
-0.850697 0.227033
-0.852602 0.032484
-0.881838 0.399866
-0.946001 0.247542
-0.962090 0.237251
-1.122300 0.391552
-1.107395 0.016919
-1.104379 0.102054
-1.037275 0.317978
-1.091012 0.360021
-1.048225 0.291025
-1.117405 0.021180
-0.158171 0.141594
-0.255501 0.267244
-0.009583 0.089456
-0.041688 0.138786
-0.018592 0.266048
-0.319333 0.112943
-0.257820 0.212799
-0.283602 0.087991
-0.360155 0.042689
-0.116263 0.337523
-0.131254 0.327659
-0.397693 0.196539
-0.158147 0.374133
-0.283749 0.242329
-0.101236 0.349535
-0.035108 0.332041
-0.157634 0.121952
-0.086306 0.060048
-0.182952 0.275619
-0.242146 0.397278
-0.359227 0.164641
-0.389026 0.274972
-0.296445 0.067605
-0.308542 0.075600
-0.055116 0.305319
-0.380956 0.193292
-0.377538 0.384497
-0.366002 0.226191
-0.014978 0.229560
-0.048537 0.163482
-0.238740 0.165398
-0.136589 0.329344
-0.021924 0.113248
-0.399109 0.246504
-0.380224 0.262423
-0.231220 0.381799
-0.158415 0.080349
-0.234248 0.136222
-0.150749 0.323362
-0.398059 0.042103
-0.242232 0.110746
-0.273287 0.329698
-0.058596 0.124613
-0.320933 0.225874
-0.212372 0.398047
-0.226704 0.147392
-0.232490 0.153948
-0.167827 0.351097
-0.265035 0.157353
-0.019581 0.203656
-0.232563 0.243318
-0.089297 0.033460
-0.339525 0.083169
-0.365062 0.126908
-0.211274 0.251656
-0.266890 0.031727
-0.154192 0.057131
-0.287716 0.329991
-0.224372 0.397766
-0.311618 0.042933
-0.192401 0.105838
-0.397058 0.230500
-0.091775 0.043007
-0.012317 0.147771
-0.038404 0.208686
-0.310935 0.121049
-0.208612 0.124247
-0.234236 0.305893
-0.063356 0.155644
-0.229011 0.289669
-0.106034 0.036561
-0.367309 0.301230
-0.061208 0.255123
-0.256148 0.190008
-0.362243 0.166118
-0.324656 0.137248
-0.034645 0.091726
-0.275875 0.061708
-0.263387 0.072915
-0.291086 0.082376
-0.331016 0.134111
-0.373827 0.200763
-0.014527 0.323704
-0.221418 0.365197
-0.328294 0.192767
-0.211164 0.279696
-0.300558 0.374682
-0.289022 0.119816
-0.071023 0.327854
-0.148039 0.318027
-0.397119 0.104386
-0.284188 0.381188
-0.056215 0.206977
-0.116996 0.102469
-0.031581 0.196503
-0.362584 0.330393
-0.369323 0.113053
-0.246455 0.257308
-0.193963 0.172613
-0.343712 0.389990
-1.850764 0.010376
-0.170415 0.823328
-0.489334 0.375317
-1.796564 0.846278
-0.644124 1.054842
-0.351573 1.674368
-1.457015 0.998993
-0.259102 0.297983
-0.058412 1.076754
-1.558641 0.133488
-1.590747 0.395459
-1.614185 0.399060
-0.086428 1.186987
-0.522416 0.588763
-0.640339 1.572253
-0.157353 1.856868
-0.311350 0.517960
-1.789117 0.123783
-0.192450 0.296640
-0.214484 0.718833
-0.086612 0.763146
-1.337077 1.369121
-0.224921 0.760216
-1.133457 1.349284
-1.465804 0.965667
-0.944304 1.604114
-0.411756 1.492660
-1.026643 1.655568
-0.881924 0.557573
-1.305643 0.108280
-0.177496 1.525803
-1.263039 0.564776
-1.577502 0.649129
-1.899716 1.763237
-1.502365 0.807642
-1.710257 1.750542
-0.783776 1.567309
-1.606311 0.903409
-0.476455 0.866665
-0.727073 1.609119
-1.651112 0.645344
-0.073611 1.418806
-1.604907 1.725761
-1.905393 1.486435
-1.927915 0.261666
-1.835261 1.105380
-0.862087 1.066012
-1.562243 0.154363
-1.390790 0.128910
-1.177465 0.267403
-1.496628 1.641285
-0.982452 0.537431
-0.024110 1.833064
-1.756523 0.568865
-0.586077 0.941862
-1.410504 0.689291
-0.949797 1.622242
-0.965545 0.134648
-0.341563 1.108798
-1.792718 1.019135
-0.106632 1.446211
-1.052156 0.902615
-0.162236 1.097690
-1.269448 1.768731
-0.680563 0.245064
-0.985199 0.224860
-1.440413 1.092929
-0.417432 0.738365
-0.283761 1.488693
-1.072298 0.719321
-1.115818 1.171850
-1.241920 1.264077
-0.884793 0.965178
-0.326670 0.371410
-1.980590 0.218513
-1.918760 0.443556
-1.488083 0.820582
-0.584796 0.885464
-1.733879 1.088107
-0.286447 1.613269
-1.563463 1.847652
-1.373272 0.286447
-0.786279 0.020569
-0.088870 1.074496
-1.226234 0.024781
-1.525864 1.771416
-0.815088 0.305185
-1.966918 1.070406
-0.166570 1.305460
-1.551073 0.811121
-0.068361 0.194159
-1.200842 1.012238
-1.329386 0.656819
-0.749168 0.501541
-1.420087 1.067049
-0.202643 0.956145
-1.343669 1.349162
-1.079318 1.165502
-1.174474 1.844600
-1.758049 1.329447
-1.702628 0.494766
-1.776849 0.204047
-0.620991 1.652882
-1.018525 0.907498
-0.693136 0.837001
-0.720176 0.198431
-0.338816 0.737266
-0.244087 1.040071
-0.075442 0.789392
-0.548601 1.261208
-1.251747 1.626820
-0.294870 0.127873
-0.512833 0.724754
-1.528794 1.637928
-0.432569 0.547868
-0.873562 0.349437
-1.751518 1.514206
-1.172399 0.558855
-1.658071 1.088412
-1.517502 0.637226
-1.549852 1.316080
-0.603168 1.340495
-0.713340 0.112064
-1.340983 1.904477
-1.358623 0.615253
-1.674062 0.737083
-1.447127 1.922239
-1.527573 0.521622
-0.750328 1.512070
-0.834376 0.542009
-0.575701 0.675802
-0.571734 0.043153
-0.598895 1.261391
-1.747246 1.439741
-1.238197 1.047884
-0.271737 1.183874
-1.009674 0.061586
-0.656453 1.106967
-1.300821 1.145177
-0.471450 0.045289
-1.998718 1.093905
-0.503861 0.564470
-0.411939 1.670461
-0.552385 0.592914
-0.922697 0.811182
-1.796442 0.778771
-1.806574 1.336406
-1.676321 1.381878
-0.658467 1.477035
-0.223518 1.513169
-0.860988 0.529862
-1.777093 0.534257
-0.533097 1.954955
-1.024201 0.429823
-0.397595 1.225806
-1.302957 0.965239
-0.002991 0.747337
-0.104007 0.441237
-0.739463 1.151402
-1.708914 1.859798
-1.084140 1.284646
-1.902707 1.311502
-0.515213 0.199957
-0.698508 0.399182
-1.531297 1.464278
-0.010926 1.508225
-0.213385 1.095309
-0.216437 1.737724
-0.768090 1.439802
-0.537858 0.303842
-0.487564 0.305551
-1.190527 1.228980
-0.566424 1.659963
-0.227912 0.127445
-1.210486 1.207251
-1.023835 0.902738
-0.476394 1.157567
-1.328532 1.166112
-1.279336 1.499496
-1.837092 0.191290
-0.005860 0.088931
-1.206641 0.216376
-1.170080 0.867824
-1.460555 0.906034
-1.550035 0.522660
-0.716514 1.786187
-0.242073 0.898648
-1.176611 0.464125
-0.071169 1.478744
-1.316568 1.446089
-0.793237 1.242897
-0.211554 1.364971
-1.528733 0.217597
-0.936674 1.431013
-0.864101 0.030213
-0.978179 0.916898
-0.058290 1.779290
-0.595233 0.491653
-1.792901 0.533341
-1.067415 1.213538
